[gd_scene load_steps=6 format=2]

[ext_resource path="res://materials/color_black.material" type="Material" id=1]
[ext_resource path="res://materials/color_metal.material" type="Material" id=2]

[sub_resource type="ParticlesMaterial" id=1]
spread = 0.0
gravity = Vector3( 0, 0, 0 )
initial_velocity = 12.0

[sub_resource type="SpatialMaterial" id=2]
flags_transparent = true
albedo_color = Color( 0, 1, 0.415686, 0.0941176 )
emission_enabled = true
emission = Color( 0.172549, 1, 0.960784, 1 )
emission_energy = 12.0
emission_operator = 0
emission_on_uv2 = false

[sub_resource type="CubeMesh" id=3]
material = SubResource( 2 )
size = Vector3( 0.8, 0.025, 0.85 )

[node name="spaceship" type="Spatial"]

[node name="center" type="CSGBox" parent="."]
height = 1.0
depth = 0.5
material = ExtResource( 1 )

[node name="left_engine" type="CSGBox" parent="center"]
transform = Transform( 1, 0, 0, 0, 0.707107, -0.707107, 0, 0.707107, 0.707107, -1, 0, 0 )
width = 0.6
height = 2.2
depth = 2.2
material = ExtResource( 1 )

[node name="right_engine" type="CSGBox" parent="center"]
transform = Transform( 1, 0, 0, 0, 0.707107, -0.707107, 0, 0.707107, 0.707107, 1, 0, 0 )
width = 0.6
height = 2.2
depth = 2.2
material = ExtResource( 1 )

[node name="cutting" type="CSGBox" parent="center"]
transform = Transform( 1, 0, 0, 0, 1, 0, 0, 0, 1, 0, 1, 0 )
operation = 2
width = 3.0
height = 1.2
depth = 3.0
material = ExtResource( 1 )

[node name="bottom" type="CSGBox" parent="center/cutting"]
transform = Transform( 1, 0, 0, 0, 1, 0, 0, 0, 1, 0, -2, 0 )
width = 3.0
height = 1.2
depth = 3.0
material = ExtResource( 1 )

[node name="middle" type="CSGBox" parent="center/cutting"]
transform = Transform( 1, 0, 0, 0, 1, 0, 0, 0, 1, 0, -1, 0 )
width = 3.17
height = 0.2
depth = 3.5
material = ExtResource( 1 )

[node name="core" type="CSGBox" parent="."]
width = 0.5
height = 1.4
depth = 4.0
material = ExtResource( 2 )

[node name="wings" type="CSGBox" parent="core"]
width = 7.0
height = 0.2
depth = 1.5
material = ExtResource( 2 )

[node name="left" type="CSGBox" parent="core/wings"]
transform = Transform( 0.819152, 0, -0.573576, 0, 1, 0, 0.573576, 0, 0.819152, -3.75, 0, -0.5 )
operation = 2
height = 0.5
material = ExtResource( 2 )

[node name="right" type="CSGBox" parent="core/wings/left"]
transform = Transform( 0.34202, 0, 0.939693, 0, 1, 0, -0.939693, 0, 0.34202, 6.14364, 0, -4.30182 )
height = 0.5
material = ExtResource( 2 )

[node name="cutting" type="CSGBox" parent="core"]
transform = Transform( 1, 0, 0, 0, 0.766044, 0.642788, 0, -0.642788, 0.766044, 0, 0.25, 2.25 )
operation = 2
width = 1.0
material = ExtResource( 2 )

[node name="front" type="CSGBox" parent="core/cutting"]
transform = Transform( 1, 0, 0, 0, -0.258819, -0.965926, 0, 0.965926, -0.258819, 0, 3.3372, -2.42139 )
width = 1.0
material = ExtResource( 2 )

[node name="bottom" type="CSGBox" parent="core/cutting"]
transform = Transform( 1, 0, 0, 0, 0.707108, -0.707108, 0, 0.707108, 0.707108, 0, 0.840923, -2.5579 )
width = 0.7
height = 1.0
depth = 4.0
material = ExtResource( 2 )

[node name="Particles" type="Particles" parent="."]
transform = Transform( 1, 0, 0, 0, 1, 0, 0, 0, 1, -1, 0, 1.25 )
amount = 10
lifetime = 0.14
local_coords = false
process_material = SubResource( 1 )
draw_pass_1 = SubResource( 3 )

[node name="Particles2" type="Particles" parent="."]
transform = Transform( 1, 0, 0, 0, 1, 0, 0, 0, 1, 1, 0, 1.25 )
amount = 10
lifetime = 0.14
local_coords = false
process_material = SubResource( 1 )
draw_pass_1 = SubResource( 3 )
